35 32
27 27 27 27 27 27 27 27 27 27 27 27 27 27 27 27 27 27 27 27 27 27 27 27 27 27 27 27 27 27 27 27 27 27 27
27 0 0 0 0 0 0 0 0 0 0 0 0 0 0 0 0 0 0 0 0 0 0 0 0 0 0 0 0 0 0 0 0 0 27
27 0 0 0 0 0 0 28 0 0 0 0 0 0 0 0 0 0 28 0 0 0 0 0 0 0 0 0 0 28 0 0 0 0 27
27 0 0 18 17 17 17 17 17 19 0 0 0 0 18 17 17 17 17 17 19 0 0 0 0 18 17 17 17 17 17 19 0 0 27
27 0 0 16 16 16 16 16 16 16 0 0 0 0 16 16 16 16 16 16 16 0 0 0 0 16 16 16 16 16 16 16 0 0 27
27 0 0 16 20 16 16 16 20 16 0 0 0 0 16 20 16 16 16 20 16 0 0 0 0 16 20 16 16 16 20 16 0 0 27
27 0 4 16 16 16 22 16 16 16 4 0 0 4 16 16 16 22 16 16 16 4 0 0 4 16 16 16 22 16 16 16 4 0 27
27 0 4 4 4 4 4 4 4 4 4 0 0 4 4 4 4 4 4 4 4 4 0 0 4 4 4 4 4 4 4 4 4 0 27
27 0 4 4 4 4 4 4 4 4 4 0 0 4 4 4 4 4 4 4 4 4 0 0 4 4 4 4 4 4 4 4 4 0 27
27 0 0 0 0 0 0 0 0 0 0 0 0 0 0 0 0 0 0 0 0 0 0 0 0 0 0 0 0 0 0 0 0 0 27
27 0 0 0 0 0 0 0 0 0 0 0 0 0 0 0 0 0 28 0 0 0 0 0 0 0 0 0 0 0 0 0 0 0 27
27 0 0 0 0 0 0 0 0 0 0 0 0 0 18 17 17 17 17 17 19 0 0 0 0 0 0 0 0 0 0 0 0 0 27
27 0 0 0 0 0 0 0 0 0 0 0 0 18 17 17 17 17 17 17 17 19 0 0 0 0 0 0 0 0 0 0 0 0 27
27 0 0 0 0 0 0 0 0 0 0 0 0 16 16 16 16 16 16 16 16 16 0 0 0 0 0 0 0 0 0 0 0 0 27
27 0 0 0 0 0 0 0 0 0 0 0 0 16 16 20 16 16 16 20 16 16 0 0 0 0 0 0 0 0 0 0 0 0 27
27 0 0 0 0 0 0 0 0 0 0 0 0 16 16 16 16 16 16 16 16 16 0 0 0 0 0 0 0 0 0 0 0 0 27
27 0 0 0 0 0 0 0 0 0 0 0 0 16 16 20 16 16 16 20 16 16 0 0 0 0 0 0 0 0 0 0 0 0 27
27 0 0 0 0 0 0 0 0 0 0 0 4 16 16 16 16 22 16 16 16 16 4 0 0 0 0 0 0 0 0 0 0 0 27
27 0 0 0 0 0 0 0 0 0 0 0 4 4 4 4 4 4 4 4 4 4 4 0 0 0 0 0 0 0 0 0 0 0 27
27 0 0 0 0 0 0 0 0 0 0 0 4 4 4 4 4 4 4 4 4 4 4 0 0 0 0 0 0 0 0 0 0 0 27
27 0 0 0 0 0 0 0 0 0 0 0 0 0 0 0 0 0 0 0 0 0 0 0 0 0 0 0 0 0 0 0 0 0 27
27 0 0 0 0 0 0 0 0 0 0 0 0 0 0 0 0 0 0 0 0 0 0 0 0 0 0 0 0 0 0 0 0 0 27
27 0 0 0 0 0 0 0 0 0 0 0 0 0 0 0 0 0 0 0 0 0 0 0 0 0 0 0 0 0 0 0 0 0 27
27 0 0 0 0 0 0 28 0 0 0 0 0 0 0 0 0 0 28 0 0 0 0 0 0 0 0 0 0 28 0 0 0 0 27
27 0 0 18 17 17 17 17 17 19 0 0 0 0 18 17 17 17 17 17 19 0 0 0 0 18 17 17 17 17 17 19 0 0 27
27 0 0 16 16 16 16 16 16 16 0 0 0 0 16 16 16 16 16 16 16 0 0 0 0 16 16 16 16 16 16 16 0 0 27
27 0 0 16 20 16 16 16 20 16 0 0 0 0 16 20 16 16 16 20 16 0 0 0 0 16 20 16 16 16 20 16 0 0 27
27 0 4 16 16 16 22 16 16 16 4 0 0 4 16 16 16 22 16 16 16 4 0 0 4 16 16 16 22 16 16 16 4 0 27
27 0 4 4 4 4 4 4 4 4 4 0 0 4 4 4 4 4 4 4 4 4 0 0 4 4 4 4 4 4 4 4 4 0 27
27 0 4 4 4 4 4 4 4 4 4 0 0 4 4 4 4 4 4 4 4 4 0 0 4 4 4 4 4 4 4 4 4 0 27
27 0 0 0 0 0 0 0 0 0 0 0 0 0 0 0 0 0 0 0 0 0 0 0 0 0 0 0 0 0 0 0 0 0 27
27 27 27 27 27 27 27 27 27 27 27 27 27 27 27 27 27 27 27 27 27 27 27 27 27 27 27 27 27 27 27 27 27 27 27